#*#*#*#*#*#*#*#*#*#*#*#*#*#*#*#*#*#*#*#*#*#*#*#*#*#*#*#*#*#* grid
# params
param GRID_MAX := 6.;
set SUBPHASES := 1.1 2.1;
param subphases := [*,:]
     :PHASE   BEG   END :=
1.1   1.       0.    5.
2.1   2.       6.    6.;
#*#*#*#*#*#*#*#*#*#*#*#*#*#*#*#*#*#*#*#*#*#*#*#*#*#*#*#*#*#* grid!

#*#*#*#*#*#*#*#*#*#*#*#*#*#*#*#*#*#*#*#*#*#*#*#*#*#*#*#*#*#* seed
var q := [:,*]
   :1    2       3                    4                     5                     6                  7 :=
0   0.   0.   -0.3    1.                   -0.7                  -1.2                  -0.1
1   0.   0.   -0.36   0.82                 -0.46                 -0.7199999999999999   -0.28
2   0.   0.   -0.42   0.64                 -0.22                 -0.24                 -0.46
3   0.   0.   -0.48   0.4599999999999999   0.02000000000000013   0.2400000000000002    -0.6400000000000001
4   0.   0.   -0.54   0.28                 0.26                  0.7199999999999998    -0.82
5   0.   0.   -0.6    0.1                  0.5                   1.2                   -1.;
var v := [:,*]
   :1    2                     3                    4                   5                   6                 7 :=
0   0.   0.   -0.4285714285714286   -1.285714285714286   1.714285714285714   3.428571428571428   -1.285714285714286
1   0.   0.   -0.4285714285714286   -1.285714285714286   1.714285714285714   3.428571428571428   -1.285714285714286
2   0.   0.   -0.4285714285714286   -1.285714285714286   1.714285714285714   3.428571428571428   -1.285714285714286
3   0.   0.   -0.4285714285714286   -1.285714285714286   1.714285714285714   3.428571428571428   -1.285714285714286
4   0.   0.   -0.4285714285714286   -1.285714285714286   1.714285714285714   3.428571428571428   -1.285714285714286
5   0.   0.   -0.4285714285714286   -1.285714285714286   1.714285714285714   3.428571428571428   -1.285714285714286;
var t := [*]
0     0.
1   0.14
2   0.28
3   0.42
4   0.56
5    0.7;
#*#*#*#*#*#*#*#*#*#*#*#*#*#*#*#*#*#*#*#*#*#*#*#*#*#*#*#*#*#* seed!

#*#*#*#*#*#*#*#*#*#*#*#*#*#*#*#*#*#*#*#*#*#*#*#*#*#*#*#*#*#* state
param nq := 7.;
#*#*#*#*#*#*#*#*#*#*#*#*#*#*#*#*#*#*#*#*#*#*#*#*#*#*#*#*#*#* state!

#*#*#*#*#*#*#*#*#*#*#*#*#*#*#*#*#*#*#*#*#*#*#*#*#*#*#*#*#*#* robot
param robot := [*,:]
   :PARENT   S_RX   S_RY   S_RZ   S_PX   S_PY   S_PZ        Q_LB       Q_UB   F_RX   F_RY   F_RZ   F_PX   F_PY   F_PZ   F_TH   MASS   M_RX   M_RY   M_RZ   M_PX   M_PY   M_PZ    M_TH   IXX   IYY    IZZ   IXY   IXZ   IYZ :=
1   0.        0.     0.     0.     1.     0.     0.     -Infinity   Infinity   0.     0.     0.     0.     0.     0.     0.     0.     0.     0.     0.     0.     0.     0.     0.      0.    0.    0.     0.    0.    0.
2   1.        0.     0.     0.     0.     1.     0.     -Infinity   Infinity   0.     0.     0.     0.     0.     0.     0.     0.     0.     0.     0.     0.     0.     0.     0.      0.    0.    0.     0.    0.    0.
3   2.        0.     0.     1.     0.     0.     0.     -Infinity   Infinity   0.     0.     0.     0.     0.     0.     0.     3.2    0.     0.     0.     0.     1.     0.     0.272   0.    0.    0.93   0.    0.    0.
4   3.        0.     0.     1.     0.     0.     0.     -Infinity   Infinity   0.     0.     0.     0.     1.     0.     0.4    6.8    0.     0.     0.     0.     1.     0.     0.237   0.    0.    1.08   0.    0.    0.
5   4.        0.     0.     1.     0.     0.     0.     -Infinity   Infinity   0.     0.     0.     0.     1.     0.     0.4    20.    0.     0.     0.     0.     1.     0.     0.2     0.    0.    2.22   0.    0.    0.
6   4.        0.     0.     1.     0.     0.     0.     -Infinity   Infinity   0.     0.     0.     0.     1.     0.     0.4    6.8    0.     0.     0.     0.     -1.    0.     0.163   0.    0.    1.08   0.    0.    0.
7   6.        0.     0.     1.     0.     0.     0.     -Infinity   Infinity   0.     0.     0.     0.     -1.    0.     0.4    3.2    0.     0.     0.     0.     -1.    0.     0.128   0.    0.    0.93   0.    0.    0.;
#*#*#*#*#*#*#*#*#*#*#*#*#*#*#*#*#*#*#*#*#*#*#*#*#*#*#*#*#*#* robot!

#*#*#*#*#*#*#*#*#*#*#*#*#*#*#*#*#*#*#*#*#*#*#*#*#*#*#*#*#*#* constraints
param nr := 8.;
param constraint := [*,:]
   :PHASE   TYPE   ROW   BODY   R_RX   R_RY   R_RZ   R_PX   R_PY   R_PZ   F_RX   F_RY   F_RZ   F_PX   F_PY   F_PZ   F_TH   F_O :=
1   1.       p      1.    3.     0.     0.     0.     1.     0.     0.     0.     0.     0.     0.     0.     0.     0.     0.
2   1.       p      2.    3.     0.     0.     0.     0.     1.     0.     0.     0.     0.     0.     0.     0.     0.     0.
3   1.       p      3.    7.     0.     0.     0.     1.     0.     0.     0.     0.     0.     0.     -1.    0.     0.4    0.
4   1.       p      4.    7.     0.     0.     0.     0.     1.     0.     0.     0.     0.     0.     -1.    0.     0.4    0.
5   2.       p      1.    3.     0.     0.     0.     1.     0.     0.     0.     0.     0.     0.     0.     0.     0.     0.
6   2.       p      2.    3.     0.     0.     0.     0.     1.     0.     0.     0.     0.     0.     0.     0.     0.     0.
7   2.       p      3.    7.     0.     0.     0.     1.     0.     0.     0.     0.     0.     0.     -1.    0.     0.4    0.
8   2.       p      4.    7.     0.     0.     0.     0.     1.     0.     0.     0.     0.     0.     -1.    0.     0.4    0.;
#*#*#*#*#*#*#*#*#*#*#*#*#*#*#*#*#*#*#*#*#*#*#*#*#*#*#*#*#*#* constraints!

#*#*#*#*#*#*#*#*#*#*#*#*#*#*#*#*#*#*#*#*#*#*#*#*#*#*#*#*#*#* M and b
param spat_ag := [*]
1     0.
2     0.
3     0.
4     0.
5   9.81
6     0.;
#*#*#*#*#*#*#*#*#*#*#*#*#*#*#*#*#*#*#*#*#*#*#*#*#*#*#*#*#*#* M and b!

#*#*#*#*#*#*#*#*#*#*#*#*#*#*#*#*#*#*#*#*#*#*#*#*#*#*#*#*#*#* eom
set PIM := (5, 6);
#*#*#*#*#*#*#*#*#*#*#*#*#*#*#*#*#*#*#*#*#*#*#*#*#*#*#*#*#*#* eom!

#*#*#*#*#*#*#*#*#*#*#*#*#*#*#*#*#*#*#*#*#*#*#*#*#*#*#*#*#*#* Runge-Kutta
set ODE_SOLVERS := RK;
param ODE_K := [*]
RK   3.;
param ODE_AK := 
[RK,*,:]
                   :1                    2                   3 :=
1   0.                   0.                   0.
2   0.2083333333333333   0.3333333333333333   -0.04166666666666666
3   0.1666666666666667   0.6666666666666666   0.1666666666666667;
param ODE_bK := [*,:]
                    :1                    2                 3 :=
RK   0.1666666666666667   0.6666666666666666   0.1666666666666667;
param ODE_cK := [*,:]
    :1     2   3 :=
RK   0.   0.5   1.;
set ODE_SUBGRID[RK] := (0, 5);
#*#*#*#*#*#*#*#*#*#*#*#*#*#*#*#*#*#*#*#*#*#*#*#*#*#*#*#*#*#* Runge-Kutta!

#*#*#*#*#*#*#*#*#*#*#*#*#*#*#*#*#*#*#*#*#*#*#*#*#*#*#*#*#*#* grid
# activate model-define modules in the model file
set MOD_MODULES := ODE PIM;
#*#*#*#*#*#*#*#*#*#*#*#*#*#*#*#*#*#*#*#*#*#*#*#*#*#*#*#*#*#* grid!

#*#*#*#*#*#*#*#*#*#*#*#*#*#*#*#*#*#*#*#*#*#*#*#*#*#*#*#*#*#* gait
param GAIT_A := [*,:]
    :3     4    5     6     7   10    11   12    13   14 :=
3    1.   1.    0.   1.    1.    0.   0.    0.   0.    0.
4    0.   0.    0.   0.    -1.   0.   0.    0.   0.    0.
5    0.   0.    1.   -1.   0.    0.   0.    0.   0.    0.
6    0.   0.    0.   -1.   0.    0.   0.    0.   0.    0.
7    0.   -1.   0.   0.    0.    0.   0.    0.   0.    0.
10   0.   0.    0.   0.    0.    1.   1.    0.   1.    1.
11   0.   0.    0.   0.    0.    0.   0.    0.   0.    -1.
12   0.   0.    0.   0.    0.    0.   0.    1.   -1.   0.
13   0.   0.    0.   0.    0.    0.   0.    0.   -1.   0.
14   0.   0.    0.   0.    0.    0.   -1.   0.   0.    0.;
param step_length_des := 0.5;
param step_time_des := 0.7;
#*#*#*#*#*#*#*#*#*#*#*#*#*#*#*#*#*#*#*#*#*#*#*#*#*#*#*#*#*#* gait!
