#*#*#*#*#*#*#*#*#*#*#*#*#*#*#*#*#*#*#*#*#*#*#*#*#*#*#*#*#*#* grid
# params
param GRID_MAX := 50.;
set SUBPHASES := 1.1;
param subphases := [*,:]
     :PHASE   BEG   END :=
1.1   1.       0.    50.;
#*#*#*#*#*#*#*#*#*#*#*#*#*#*#*#*#*#*#*#*#*#*#*#*#*#*#*#*#*#* grid!

#*#*#*#*#*#*#*#*#*#*#*#*#*#*#*#*#*#*#*#*#*#*#*#*#*#*#*#*#*#* seed
var q := [:,*]
    :1    2    3    4    5    6    7    8    9   10    11    12    13    14      15      16      17   18 :=
0    0.   0.   0.   0.   0.   0.   0.   0.   0.   0.   0.9   0.9   0.9   0.9   -1.52   -1.52   -1.52   -1.52
1    0.   0.   0.   0.   0.   0.   0.   0.   0.   0.   0.9   0.9   0.9   0.9   -1.52   -1.52   -1.52   -1.52
2    0.   0.   0.   0.   0.   0.   0.   0.   0.   0.   0.9   0.9   0.9   0.9   -1.52   -1.52   -1.52   -1.52
3    0.   0.   0.   0.   0.   0.   0.   0.   0.   0.   0.9   0.9   0.9   0.9   -1.52   -1.52   -1.52   -1.52
4    0.   0.   0.   0.   0.   0.   0.   0.   0.   0.   0.9   0.9   0.9   0.9   -1.52   -1.52   -1.52   -1.52
5    0.   0.   0.   0.   0.   0.   0.   0.   0.   0.   0.9   0.9   0.9   0.9   -1.52   -1.52   -1.52   -1.52
6    0.   0.   0.   0.   0.   0.   0.   0.   0.   0.   0.9   0.9   0.9   0.9   -1.52   -1.52   -1.52   -1.52
7    0.   0.   0.   0.   0.   0.   0.   0.   0.   0.   0.9   0.9   0.9   0.9   -1.52   -1.52   -1.52   -1.52
8    0.   0.   0.   0.   0.   0.   0.   0.   0.   0.   0.9   0.9   0.9   0.9   -1.52   -1.52   -1.52   -1.52
9    0.   0.   0.   0.   0.   0.   0.   0.   0.   0.   0.9   0.9   0.9   0.9   -1.52   -1.52   -1.52   -1.52
10   0.   0.   0.   0.   0.   0.   0.   0.   0.   0.   0.9   0.9   0.9   0.9   -1.52   -1.52   -1.52   -1.52
11   0.   0.   0.   0.   0.   0.   0.   0.   0.   0.   0.9   0.9   0.9   0.9   -1.52   -1.52   -1.52   -1.52
12   0.   0.   0.   0.   0.   0.   0.   0.   0.   0.   0.9   0.9   0.9   0.9   -1.52   -1.52   -1.52   -1.52
13   0.   0.   0.   0.   0.   0.   0.   0.   0.   0.   0.9   0.9   0.9   0.9   -1.52   -1.52   -1.52   -1.52
14   0.   0.   0.   0.   0.   0.   0.   0.   0.   0.   0.9   0.9   0.9   0.9   -1.52   -1.52   -1.52   -1.52
15   0.   0.   0.   0.   0.   0.   0.   0.   0.   0.   0.9   0.9   0.9   0.9   -1.52   -1.52   -1.52   -1.52
16   0.   0.   0.   0.   0.   0.   0.   0.   0.   0.   0.9   0.9   0.9   0.9   -1.52   -1.52   -1.52   -1.52
17   0.   0.   0.   0.   0.   0.   0.   0.   0.   0.   0.9   0.9   0.9   0.9   -1.52   -1.52   -1.52   -1.52
18   0.   0.   0.   0.   0.   0.   0.   0.   0.   0.   0.9   0.9   0.9   0.9   -1.52   -1.52   -1.52   -1.52
19   0.   0.   0.   0.   0.   0.   0.   0.   0.   0.   0.9   0.9   0.9   0.9   -1.52   -1.52   -1.52   -1.52
20   0.   0.   0.   0.   0.   0.   0.   0.   0.   0.   0.9   0.9   0.9   0.9   -1.52   -1.52   -1.52   -1.52
21   0.   0.   0.   0.   0.   0.   0.   0.   0.   0.   0.9   0.9   0.9   0.9   -1.52   -1.52   -1.52   -1.52
22   0.   0.   0.   0.   0.   0.   0.   0.   0.   0.   0.9   0.9   0.9   0.9   -1.52   -1.52   -1.52   -1.52
23   0.   0.   0.   0.   0.   0.   0.   0.   0.   0.   0.9   0.9   0.9   0.9   -1.52   -1.52   -1.52   -1.52
24   0.   0.   0.   0.   0.   0.   0.   0.   0.   0.   0.9   0.9   0.9   0.9   -1.52   -1.52   -1.52   -1.52
25   0.   0.   0.   0.   0.   0.   0.   0.   0.   0.   0.9   0.9   0.9   0.9   -1.52   -1.52   -1.52   -1.52
26   0.   0.   0.   0.   0.   0.   0.   0.   0.   0.   0.9   0.9   0.9   0.9   -1.52   -1.52   -1.52   -1.52
27   0.   0.   0.   0.   0.   0.   0.   0.   0.   0.   0.9   0.9   0.9   0.9   -1.52   -1.52   -1.52   -1.52
28   0.   0.   0.   0.   0.   0.   0.   0.   0.   0.   0.9   0.9   0.9   0.9   -1.52   -1.52   -1.52   -1.52
29   0.   0.   0.   0.   0.   0.   0.   0.   0.   0.   0.9   0.9   0.9   0.9   -1.52   -1.52   -1.52   -1.52
30   0.   0.   0.   0.   0.   0.   0.   0.   0.   0.   0.9   0.9   0.9   0.9   -1.52   -1.52   -1.52   -1.52
31   0.   0.   0.   0.   0.   0.   0.   0.   0.   0.   0.9   0.9   0.9   0.9   -1.52   -1.52   -1.52   -1.52
32   0.   0.   0.   0.   0.   0.   0.   0.   0.   0.   0.9   0.9   0.9   0.9   -1.52   -1.52   -1.52   -1.52
33   0.   0.   0.   0.   0.   0.   0.   0.   0.   0.   0.9   0.9   0.9   0.9   -1.52   -1.52   -1.52   -1.52
34   0.   0.   0.   0.   0.   0.   0.   0.   0.   0.   0.9   0.9   0.9   0.9   -1.52   -1.52   -1.52   -1.52
35   0.   0.   0.   0.   0.   0.   0.   0.   0.   0.   0.9   0.9   0.9   0.9   -1.52   -1.52   -1.52   -1.52
36   0.   0.   0.   0.   0.   0.   0.   0.   0.   0.   0.9   0.9   0.9   0.9   -1.52   -1.52   -1.52   -1.52
37   0.   0.   0.   0.   0.   0.   0.   0.   0.   0.   0.9   0.9   0.9   0.9   -1.52   -1.52   -1.52   -1.52
38   0.   0.   0.   0.   0.   0.   0.   0.   0.   0.   0.9   0.9   0.9   0.9   -1.52   -1.52   -1.52   -1.52
39   0.   0.   0.   0.   0.   0.   0.   0.   0.   0.   0.9   0.9   0.9   0.9   -1.52   -1.52   -1.52   -1.52
40   0.   0.   0.   0.   0.   0.   0.   0.   0.   0.   0.9   0.9   0.9   0.9   -1.52   -1.52   -1.52   -1.52
41   0.   0.   0.   0.   0.   0.   0.   0.   0.   0.   0.9   0.9   0.9   0.9   -1.52   -1.52   -1.52   -1.52
42   0.   0.   0.   0.   0.   0.   0.   0.   0.   0.   0.9   0.9   0.9   0.9   -1.52   -1.52   -1.52   -1.52
43   0.   0.   0.   0.   0.   0.   0.   0.   0.   0.   0.9   0.9   0.9   0.9   -1.52   -1.52   -1.52   -1.52
44   0.   0.   0.   0.   0.   0.   0.   0.   0.   0.   0.9   0.9   0.9   0.9   -1.52   -1.52   -1.52   -1.52
45   0.   0.   0.   0.   0.   0.   0.   0.   0.   0.   0.9   0.9   0.9   0.9   -1.52   -1.52   -1.52   -1.52
46   0.   0.   0.   0.   0.   0.   0.   0.   0.   0.   0.9   0.9   0.9   0.9   -1.52   -1.52   -1.52   -1.52
47   0.   0.   0.   0.   0.   0.   0.   0.   0.   0.   0.9   0.9   0.9   0.9   -1.52   -1.52   -1.52   -1.52
48   0.   0.   0.   0.   0.   0.   0.   0.   0.   0.   0.9   0.9   0.9   0.9   -1.52   -1.52   -1.52   -1.52
49   0.   0.   0.   0.   0.   0.   0.   0.   0.   0.   0.9   0.9   0.9   0.9   -1.52   -1.52   -1.52   -1.52
50   0.   0.   0.   0.   0.   0.   0.   0.   0.   0.   0.9   0.9   0.9   0.9   -1.52   -1.52   -1.52   -1.52;
var f := 
[*,3,:]
    :0     1     2     3     4     5     6     7     8     9    10    11    12    13    14    15    16    17    18    19    20    21    22    23    24    25    26    27    28    29    30    31    32    33    34    35    36    37    38    39    40    41    42    43    44    45    46    47    48    49   50 :=
1   55.   55.   55.   55.   55.   55.   55.   55.   55.   55.   55.   55.   55.   55.   55.   55.   55.   55.   55.   55.   55.   55.   55.   55.   55.   55.   55.   55.   55.   55.   55.   55.   55.   55.   55.   55.   55.   55.   55.   55.   55.   55.   55.   55.   55.   55.   55.   55.   55.   55.   55.
[*,6,:]
    :0     1     2     3     4     5     6     7     8     9    10    11    12    13    14    15    16    17    18    19    20    21    22    23    24    25    26    27    28    29    30    31    32    33    34    35    36    37    38    39    40    41    42    43    44    45    46    47    48    49   50 :=
1   55.   55.   55.   55.   55.   55.   55.   55.   55.   55.   55.   55.   55.   55.   55.   55.   55.   55.   55.   55.   55.   55.   55.   55.   55.   55.   55.   55.   55.   55.   55.   55.   55.   55.   55.   55.   55.   55.   55.   55.   55.   55.   55.   55.   55.   55.   55.   55.   55.   55.   55.
[*,9,:]
    :0     1     2     3     4     5     6     7     8     9    10    11    12    13    14    15    16    17    18    19    20    21    22    23    24    25    26    27    28    29    30    31    32    33    34    35    36    37    38    39    40    41    42    43    44    45    46    47    48    49   50 :=
1   55.   55.   55.   55.   55.   55.   55.   55.   55.   55.   55.   55.   55.   55.   55.   55.   55.   55.   55.   55.   55.   55.   55.   55.   55.   55.   55.   55.   55.   55.   55.   55.   55.   55.   55.   55.   55.   55.   55.   55.   55.   55.   55.   55.   55.   55.   55.   55.   55.   55.   55.
[*,12,:]
    :0     1     2     3     4     5     6     7     8     9    10    11    12    13    14    15    16    17    18    19    20    21    22    23    24    25    26    27    28    29    30    31    32    33    34    35    36    37    38    39    40    41    42    43    44    45    46    47    48    49   50 :=
1   55.   55.   55.   55.   55.   55.   55.   55.   55.   55.   55.   55.   55.   55.   55.   55.   55.   55.   55.   55.   55.   55.   55.   55.   55.   55.   55.   55.   55.   55.   55.   55.   55.   55.   55.   55.   55.   55.   55.   55.   55.   55.   55.   55.   55.   55.   55.   55.   55.   55.   55.;
var ODE_hK := [*,:]
      :0      1      2      3      4      5      6      7      8      9     10     11     12     13     14     15     16     17     18     19     20     21     22     23     24     25     26     27     28     29     30     31     32     33     34     35     36     37     38     39     40     41     42     43     44     45     46     47     48   49 :=
RK   0.02   0.02   0.02   0.02   0.02   0.02   0.02   0.02   0.02   0.02   0.02   0.02   0.02   0.02   0.02   0.02   0.02   0.02   0.02   0.02   0.02   0.02   0.02   0.02   0.02   0.02   0.02   0.02   0.02   0.02   0.02   0.02   0.02   0.02   0.02   0.02   0.02   0.02   0.02   0.02   0.02   0.02   0.02   0.02   0.02   0.02   0.02   0.02   0.02   0.02;
#*#*#*#*#*#*#*#*#*#*#*#*#*#*#*#*#*#*#*#*#*#*#*#*#*#*#*#*#*#* seed!

#*#*#*#*#*#*#*#*#*#*#*#*#*#*#*#*#*#*#*#*#*#*#*#*#*#*#*#*#*#* state
param nq := 18.;
#*#*#*#*#*#*#*#*#*#*#*#*#*#*#*#*#*#*#*#*#*#*#*#*#*#*#*#*#*#* state!

#*#*#*#*#*#*#*#*#*#*#*#*#*#*#*#*#*#*#*#*#*#*#*#*#*#*#*#*#*#* robot
param robot := [*,:]
    :PARENT   S_RX   S_RY   S_RZ   S_PX   S_PY   S_PZ        Q_LB       Q_UB   F_RX   F_RY   F_RZ                  F_PX                  F_PY                 F_PZ                 F_TH                 MASS   M_RX   M_RY   M_RZ                   M_PX                    M_PY                     M_PZ                  M_TH                    IXX                   IYY                      IZZ                          IXY                      IXZ                     IYZ :=
1    0.        0.     0.     0.     1.     0.     0.     -Infinity   Infinity   0.     0.     0.     0.                    0.                    0.                   0.                   0.                   0.     0.     0.     0.                     0.                      0.                       0.                    0.                     0.                    0.                       0.                           0.                       0.
2    1.        0.     0.     0.     0.     1.     0.     -Infinity   Infinity   0.     0.     0.     0.                    0.                    0.                   0.                   0.                   0.     0.     0.     0.                     0.                      0.                       0.                    0.                     0.                    0.                       0.                           0.                       0.
3    2.        0.     0.     0.     0.     0.     1.     -Infinity   Infinity   0.     0.     0.     0.                    0.                    0.                   0.                   0.                   0.     0.     0.     0.                     0.                      0.                       0.                    0.                     0.                    0.                       0.                           0.                       0.
4    3.        1.     0.     0.     0.     0.     0.     -Infinity   Infinity   0.     0.     0.     0.                    0.                    0.                   0.                   0.                   0.     0.     0.     0.                     0.                      0.                       0.                    0.                     0.                    0.                       0.                           0.                       0.
5    4.        0.     1.     0.     0.     0.     0.     -Infinity   Infinity   0.     0.     0.     0.                    0.                    0.                   0.                   0.                   0.     0.     0.     0.                     0.                      0.                       0.                    0.                     0.                    0.                       0.                           0.                       0.
6    5.        0.     0.     1.     0.     0.     0.     -Infinity   Infinity   0.     0.     0.     0.                    0.                    0.                   0.                   11.041               0.     0.     0.     0.89930927928339       0.4297349125459318      -0.0810600094616925      0.00941277955760146   0.050874               0.6403600000000001    0.6565499999999997       -0.000451628                 0.000487603              0.00004835599999999999
7    6.        1.     0.     0.     0.     0.     0.     -Infinity   Infinity   0.     0.     0.     0.983374925048175     0.1815867748116489    0.                   0.3028854940402396   1.993                0.     0.     0.     -0.825988532025717     0.563686644540465       -0.0005583267081422989   0.02686599043400411   0.002903894            0.004907517           0.005586944000000001     -0.00007184999999999999      -0.000001262             -0.00000175
8    6.        1.     0.     0.     0.     0.     0.     -Infinity   Infinity   0.     0.     0.     -0.983374925048175    0.1815867748116489    0.                   0.3028854940402396   1.993                0.     0.     0.     0.825988532025717      0.563686644540465       -0.0005583267081422989   0.02686599043400411   0.002903894            0.004907517           0.005586944000000001     0.00007184999999999999       0.000001262              -0.00000175
9    6.        1.     0.     0.     0.     0.     0.     -Infinity   Infinity   0.     0.     0.     0.983374925048175     -0.1815867748116489   0.                   0.3028854940402396   1.993                0.     0.     0.     -0.825988532025717     -0.563686644540465      -0.0005583267081422989   0.02686599043400411   0.002903894            0.004907517           0.005586944000000001     0.00007184999999999999       -0.000001262             0.00000175
10   6.        1.     0.     0.     0.     0.     0.     -Infinity   Infinity   0.     0.     0.     -0.983374925048175    -0.1815867748116489   0.                   0.3028854940402396   1.993                0.     0.     0.     0.825988532025717      -0.563686644540465      -0.0005583267081422989   0.02686599043400411   0.002903894            0.004907517           0.005586944000000001     -0.00007184999999999999      0.000001262              0.00000175
11   7.        0.     1.     0.     0.     0.     0.     -Infinity   Infinity   0.     0.     0.     0.                    1.                    0.                   0.110945             0.6390000000000001   0.     0.     0.     -0.1151839128977312    -0.07964473520679577    -0.990146141922195       0.0486786727325222    0.005666802999999999   0.005847229           0.000369811              0.000003597                  0.0004914459999999999    0.000010086
12   8.        0.     1.     0.     0.     0.     0.     -Infinity   Infinity   0.     0.     0.     0.                    1.                    0.                   0.110945             0.6390000000000001   0.     0.     0.     -0.1151839128977312    -0.07964473520679577    -0.990146141922195       0.0486786727325222    0.005666802999999999   0.005847229           0.000369811              0.000003597                  0.0004914459999999999    0.000010086
13   9.        0.     1.     0.     0.     0.     0.     -Infinity   Infinity   0.     0.     0.     0.                    -1.                   0.                   0.110945             0.6390000000000001   0.     0.     0.     -0.1151839128977312    0.07964473520679577     -0.990146141922195       0.0486786727325222    0.005666802999999999   0.005847229           0.000369811              -0.000003597                 0.0004914459999999999    -0.000010086
14   10.       0.     1.     0.     0.     0.     0.     -Infinity   Infinity   0.     0.     0.     0.                    -1.                   0.                   0.110945             0.6390000000000001   0.     0.     0.     -0.1151839128977312    0.07964473520679577     -0.990146141922195       0.0486786727325222    0.005666802999999999   0.005847229           0.000369811              -0.000003597                 0.0004914459999999999    -0.000010086
15   11.       0.     1.     0.     0.     0.     0.     -Infinity   Infinity   0.     0.     0.     0.07776689309465487   0.                    -0.996971569473475   0.3214735603436152   0.267                0.     0.     0.     0.005471539424431925   0.000258842536952253    -0.999984997515897       0.1886965612542392    0.00832704343879798    0.00834364756876292   0.00006360449921573031   -0.00000002580270134831461   -0.0001623247250548315   -0.000001938177699325843
16   12.       0.     1.     0.     0.     0.     0.     -Infinity   Infinity   0.     0.     0.     0.07776689309465487   0.                    -0.996971569473475   0.3214735603436152   0.267                0.     0.     0.     0.005471539424431925   0.000258842536952253    -0.999984997515897       0.1886965612542392    0.00832704343879798    0.00834364756876292   0.00006360449921573031   -0.00000002580270134831461   -0.0001623247250548315   -0.000001938177699325843
17   13.       0.     1.     0.     0.     0.     0.     -Infinity   Infinity   0.     0.     0.     0.07776689309465487   0.                    -0.996971569473475   0.3214735603436152   0.267                0.     0.     0.     0.005471539424431925   -0.000258842536952253   -0.999984997515897       0.1886965612542392    0.00832704343879798    0.00834364756876292   0.00006360449921573031   0.00000002580270134831461    -0.0001623247250548315   0.000001938177699325843
18   14.       0.     1.     0.     0.     0.     0.     -Infinity   Infinity   0.     0.     0.     0.07776689309465487   0.                    -0.996971569473475   0.3214735603436152   0.267                0.     0.     0.     0.005471539424431925   -0.000258842536952253   -0.999984997515897       0.1886965612542392    0.00832704343879798    0.00834364756876292   0.00006360449921573031   0.00000002580270134831461    -0.0001623247250548315   0.000001938177699325843;
#*#*#*#*#*#*#*#*#*#*#*#*#*#*#*#*#*#*#*#*#*#*#*#*#*#*#*#*#*#* robot!

#*#*#*#*#*#*#*#*#*#*#*#*#*#*#*#*#*#*#*#*#*#*#*#*#*#*#*#*#*#* constraints
param nr := 12.;
param constraint := [*,:]
    :PHASE   TYPE   ROW   BODY   R_RX   R_RY   R_RZ   R_PX   R_PY   R_PZ   F_RX   F_RY   F_RZ                   F_PX   F_PY                F_PZ                 F_TH   F_O :=
1    1.       p      1.    15.    0.     0.     0.     1.     0.     0.     0.     0.     0.     -0.01436633331764756   0.     -0.99989679890827   0.3480359176866664   0.
2    1.       p      2.    15.    0.     0.     0.     0.     1.     0.     0.     0.     0.     -0.01436633331764756   0.     -0.99989679890827   0.3480359176866664   0.
3    1.       p      3.    15.    0.     0.     0.     0.     0.     1.     0.     0.     0.     -0.01436633331764756   0.     -0.99989679890827   0.3480359176866664   0.
4    1.       p      4.    16.    0.     0.     0.     1.     0.     0.     0.     0.     0.     -0.01436633331764756   0.     -0.99989679890827   0.3480359176866664   0.
5    1.       p      5.    16.    0.     0.     0.     0.     1.     0.     0.     0.     0.     -0.01436633331764756   0.     -0.99989679890827   0.3480359176866664   0.
6    1.       p      6.    16.    0.     0.     0.     0.     0.     1.     0.     0.     0.     -0.01436633331764756   0.     -0.99989679890827   0.3480359176866664   0.
7    1.       p      7.    17.    0.     0.     0.     1.     0.     0.     0.     0.     0.     -0.01436633331764756   0.     -0.99989679890827   0.3480359176866664   0.
8    1.       p      8.    17.    0.     0.     0.     0.     1.     0.     0.     0.     0.     -0.01436633331764756   0.     -0.99989679890827   0.3480359176866664   0.
9    1.       p      9.    17.    0.     0.     0.     0.     0.     1.     0.     0.     0.     -0.01436633331764756   0.     -0.99989679890827   0.3480359176866664   0.
10   1.       p      10.   18.    0.     0.     0.     1.     0.     0.     0.     0.     0.     -0.01436633331764756   0.     -0.99989679890827   0.3480359176866664   0.
11   1.       p      11.   18.    0.     0.     0.     0.     1.     0.     0.     0.     0.     -0.01436633331764756   0.     -0.99989679890827   0.3480359176866664   0.
12   1.       p      12.   18.    0.     0.     0.     0.     0.     1.     0.     0.     0.     -0.01436633331764756   0.     -0.99989679890827   0.3480359176866664   0.;
#*#*#*#*#*#*#*#*#*#*#*#*#*#*#*#*#*#*#*#*#*#*#*#*#*#*#*#*#*#* constraints!

#*#*#*#*#*#*#*#*#*#*#*#*#*#*#*#*#*#*#*#*#*#*#*#*#*#*#*#*#*#* M and b
param spat_ag := [*]
1     0.
2     0.
3     0.
4     0.
5     0.
6   9.81;
#*#*#*#*#*#*#*#*#*#*#*#*#*#*#*#*#*#*#*#*#*#*#*#*#*#*#*#*#*#* M and b!

#*#*#*#*#*#*#*#*#*#*#*#*#*#*#*#*#*#*#*#*#*#*#*#*#*#*#*#*#*#* eom
set PIM := ;
#*#*#*#*#*#*#*#*#*#*#*#*#*#*#*#*#*#*#*#*#*#*#*#*#*#*#*#*#*#* eom!

#*#*#*#*#*#*#*#*#*#*#*#*#*#*#*#*#*#*#*#*#*#*#*#*#*#*#*#*#*#* Runge-Kutta
set ODE_SOLVERS := RK;
param ODE_K := [*]
RK   1.;
param ODE_AK := 
[RK,*,:]
   :1 :=
1   0.;
param ODE_bK := [*,:]
    :1 :=
RK   1.;
param ODE_cK := [*,:]
    :1 :=
RK   0.;
set ODE_SUBGRID[RK] := (0, 50);
#*#*#*#*#*#*#*#*#*#*#*#*#*#*#*#*#*#*#*#*#*#*#*#*#*#*#*#*#*#* Runge-Kutta!

#*#*#*#*#*#*#*#*#*#*#*#*#*#*#*#*#*#*#*#*#*#*#*#*#*#*#*#*#*#* grid
# activate model-define modules in the model file
set MOD_MODULES := ODE PIM;
#*#*#*#*#*#*#*#*#*#*#*#*#*#*#*#*#*#*#*#*#*#*#*#*#*#*#*#*#*#* grid!

#*#*#*#*#*#*#*#*#*#*#*#*#*#*#*#*#*#*#*#*#*#*#*#*#*#*#*#*#*#* spot jump
param n_lo := 20.;
param n_td := 40.;
param mu := 1.;
param x_0 := [*]
1       0.
2       0.
3       0.
4       0.
5       0.
6       0.
7       0.
8       0.
9       0.
10      0.
11     0.9
12     0.9
13     0.9
14     0.9
15   -1.52
16   -1.52
17   -1.52
18   -1.52
19      0.
20      0.
21      0.
22      0.
23      0.
24      0.
25      0.
26      0.
27      0.
28      0.
29      0.
30      0.
31      0.
32      0.
33      0.
34      0.
35      0.
36      0.;
param x_f := [*]
1                   0.
2                   0.
3                   0.
4                   0.
5                   0.
6    2.094395102393195
7                   0.
8                   0.
9                   0.
10                  0.
11                 0.9
12                 0.9
13                 0.9
14                 0.9
15               -1.52
16               -1.52
17               -1.52
18               -1.52
19                  0.
20                  0.
21                  0.
22                  0.
23                  0.
24                  0.
25                  0.
26                  0.
27                  0.
28                  0.
29                  0.
30                  0.
31                  0.
32                  0.
33                  0.
34                  0.
35                  0.
36                  0.;
param dt_min := 0.02;
param dt_max := 0.1;
param a_lim := [*]
1    100.
2    100.
3    100.
4    100.
5    100.
6    100.
7    100.
8    100.
9    100.
10   100.
11   100.
12   100.
13   100.
14   100.
15   100.
16   100.
17   100.
18   100.;
param u_lim := [*]
1       0.
2       0.
3       0.
4       0.
5       0.
6       0.
7    1000.
8    1000.
9    1000.
10   1000.
11   1000.
12   1000.
13   1000.
14   1000.
15   1000.
16   1000.
17   1000.
18   1000.;
param x_min := [*]
1                   -10.
2                   -10.
3                   -10.
4     -6.283185307179586
5     -6.283185307179586
6     -6.283185307179586
7    -0.7853981599999999
8    -0.7853981599999999
9    -0.7853981599999999
10   -0.7853981599999999
11           -0.89884456
12           -0.89884456
13           -0.89884456
14           -0.89884456
15               -2.7929
16               -2.7929
17               -2.7929
18               -2.7929
19                 -100.
20                 -100.
21                 -100.
22                 -100.
23                 -100.
24                 -100.
25                 -100.
26                 -100.
27                 -100.
28                 -100.
29                 -100.
30                 -100.
31                 -100.
32                 -100.
33                 -100.
34                 -100.
35                 -100.
36                 -100.;
param x_max := [*]
1                   10.
2                   10.
3                   10.
4     6.283185307179586
5     6.283185307179586
6     6.283185307179586
7    0.7853981599999999
8    0.7853981599999999
9    0.7853981599999999
10   0.7853981599999999
11           2.29510797
12           2.29510797
13           2.29510797
14           2.29510797
15            -0.254801
16            -0.267153
17            -0.247563
18            -0.257725
19                 100.
20                 100.
21                 100.
22                 100.
23                 100.
24                 100.
25                 100.
26                 100.
27                 100.
28                 100.
29                 100.
30                 100.
31                 100.
32                 100.
33                 100.
34                 100.
35                 100.
36                 100.;
param f_min := [*]
1    -10000.
2    -10000.
3       -10.
4    -10000.
5    -10000.
6       -10.
7    -10000.
8    -10000.
9       -10.
10   -10000.
11   -10000.
12      -10.;
param f_max := [*]
1    10000.
2    10000.
3    10000.
4    10000.
5    10000.
6    10000.
7    10000.
8    10000.
9    10000.
10   10000.
11   10000.
12   10000.;
#*#*#*#*#*#*#*#*#*#*#*#*#*#*#*#*#*#*#*#*#*#*#*#*#*#*#*#*#*#* spot jump!
